wavelength [nm]	78K [1/cm]	90K [1/cm]	112K [1/cm]	170K [1/cm]	195K [1/cm]	249K [1/cm]	270K [1/cm]	280K [1/cm]	290K [1/cm]	291K [1/cm]	297K [1/cm]	300K [1/cm]	310K [1/cm]	320K [1/cm]	330K [1/cm]	340K [1/cm]	350K [1/cm]	363K [1/cm]
990				2.3424E+01	2.9414E+01	4.5048E+01	5.3988E+01	5.6983E+01	5.9693E+01	6.0498E+01	6.2500E+01	7.6946E+01	8.1608E+01	9.6561E+01	1.0647E+02	1.2220E+02	1.2528E+02	1.6831E+02
995				1.9264E+01	2.4955E+01	4.0446E+01	4.8627E+01	5.1381E+01	5.4180E+01	5.5068E+01	5.7010E+01	6.8492E+01	7.1226E+01	8.2653E+01	8.9767E+01	1.0130E+02	1.1214E+02	1.4019E+02
1000			1.2682E+01	1.6170E+01	2.1846E+01	3.6281E+01	4.3853E+01	4.6617E+01	4.9858E+01	4.9918E+01	5.2280E+01	6.1623E+01	6.4469E+01	7.3032E+01	8.0318E+01	8.9230E+01	1.0164E+02	1.2353E+02
1005			8.2187E+00	1.3555E+01	1.8308E+01	3.2689E+01	3.9618E+01	4.2555E+01	4.5345E+01	4.5921E+01	4.8056E+01	5.5783E+01	5.8649E+01	6.6041E+01	7.2655E+01	8.1208E+01	9.1747E+01	1.1147E+02
1010			6.0212E+00	1.1235E+01	1.5617E+01	2.9120E+01	3.5704E+01	3.8439E+01	4.1444E+01	4.1782E+01	4.3751E+01	5.0405E+01	5.3880E+01	5.9833E+01	6.6181E+01	7.3984E+01	8.4534E+01	1.0165E+02
1015			4.1351E+00	9.1721E+00	1.3211E+01	2.5857E+01	3.2116E+01	3.4693E+01	3.7896E+01	3.8007E+01	4.0222E+01	4.5467E+01	4.9363E+01	5.4525E+01	6.0612E+01	6.7926E+01	7.8246E+01	9.3953E+01
1020		2.7020E+00	2.9242E+00	7.3270E+00	1.0991E+01	2.2849E+01	2.8651E+01	3.1378E+01	3.4506E+01	3.4566E+01	3.6479E+01	3.9374E+01	4.5099E+01	4.9578E+01	5.5489E+01	6.2362E+01	7.1407E+01	8.7331E+01
1025		1.4764E+00	1.9206E+00	5.8151E+00	9.0746E+00	1.9917E+01	2.5366E+01	2.7978E+01	3.0973E+01	3.1077E+01	3.3074E+01	3.5211E+01	3.9583E+01	4.3011E+01	4.8608E+01	5.4437E+01	6.6082E+01	7.8933E+01
1030		8.2024E-01	1.1239E+00	4.4867E+00	7.4000E+00	1.6684E+01	2.1625E+01	2.3959E+01	2.6766E+01	2.6942E+01	2.8791E+01	3.1372E+01	3.5511E+01	3.8770E+01	4.4027E+01	4.9441E+01	6.0254E+01	7.2495E+01
1035		5.4517E-01	7.9171E-01	3.2658E+00	5.8282E+00	1.4159E+01	1.8711E+01	2.0911E+01	2.3537E+01	2.3724E+01	2.5451E+01	2.7547E+01	3.1621E+01	3.4677E+01	3.9654E+01	4.4779E+01	5.3836E+01	6.5115E+01
1040		3.8591E-01	5.9620E-01	2.4461E+00	4.4279E+00	1.1937E+01	1.6019E+01	1.8067E+01	2.0453E+01	2.0667E+01	2.2229E+01	2.3849E+01	2.7717E+01	3.0534E+01	3.5144E+01	3.9912E+01	4.7782E+01	5.7272E+01
1045	2.5687E-01	2.7378E-01	4.4700E-01	1.9959E+00	3.5021E+00	9.8513E+00	1.3543E+01	1.5401E+01	1.7579E+01	1.7790E+01	1.9205E+01	2.0364E+01	2.3997E+01	2.6593E+01	3.0778E+01	3.5080E+01	4.0513E+01	4.8776E+01
1050	1.5297E-01	1.8935E-01	3.3158E-01	1.6541E+00	2.9290E+00	7.9849E+00	1.1328E+01	1.3001E+01	1.4969E+01	1.5151E+01	1.6439E+01	1.7261E+01	2.0562E+01	2.2904E+01	2.6663E+01	3.0517E+01	3.5118E+01	4.2266E+01
1055	8.7054E-02	1.2768E-01	2.4778E-01	1.3642E+00	2.4654E+00	6.6022E+00	9.3301E+00	1.0824E+01	1.2558E+01	1.2759E+01	1.3914E+01	1.4509E+01	1.7455E+01	1.9567E+01	2.2793E+01	2.6326E+01	3.0298E+01	3.6493E+01
1060	4.6366E-02	7.9860E-02	1.8003E-01	1.1277E+00	2.0737E+00	5.6310E+00	7.7897E+00	8.9929E+00	1.0455E+01	1.0612E+01	1.1625E+01	1.2073E+01	1.4659E+01	1.6575E+01	1.9341E+01	2.2514E+01	2.5935E+01	3.1329E+01
1065	2.9304E-02	5.3773E-02	1.2977E-01	9.2799E-01	1.7404E+00	4.8438E+00	6.6804E+00	7.6522E+00	8.8310E+00	8.9361E+00	9.7400E+00	1.0100E+01	1.2222E+01	1.3908E+01	1.6335E+01	1.9087E+01	2.2093E+01	2.6833E+01
1070	2.0289E-02	3.8673E-02	9.9190E-02	7.5824E-01	1.4564E+00	4.1595E+00	5.7610E+00	6.6206E+00	7.5920E+00	7.6886E+00	8.3584E+00	8.6634E+00	1.0325E+01	1.1694E+01	1.3721E+01	1.6056E+01	1.8663E+01	2.2741E+01
1075	1.3040E-02	2.7193E-02	7.6143E-02	6.2398E-01	1.2129E+00	3.5666E+00	4.9572E+00	5.7200E+00	6.5643E+00	6.6612E+00	7.2353E+00	7.5214E+00	8.8636E+00	1.0017E+01	1.1658E+01	1.3551E+01	1.5703E+01	1.9129E+01
1080	7.9292E-03	1.8531E-02	5.7448E-02	5.0930E-01	9.9874E-01	3.0519E+00	4.2709E+00	4.9219E+00	5.6751E+00	5.7666E+00	6.2688E+00	6.5407E+00	7.6468E+00	8.6625E+00	1.0059E+01	1.1622E+01	1.3367E+01	1.6251E+01
1085	5.0508E-03	1.2979E-02	4.2997E-02	4.2167E-01	8.4069E-01	2.6033E+00	3.6734E+00	4.2527E+00	4.8974E+00	4.9826E+00	5.4284E+00	5.6905E+00	6.6087E+00	7.5223E+00	8.7260E+00	1.0065E+01	1.1576E+01	1.3931E+01
1090	3.0930E-03	8.7047E-03	3.2231E-02	3.4570E-01	7.0280E-01	2.2158E+00	3.1410E+00	3.6490E+00	4.2271E+00	4.2905E+00	4.6816E+00	4.9196E+00	5.6955E+00	6.5129E+00	7.5527E+00	8.7158E+00	1.0039E+01	1.2089E+01
1095	1.5747E-03	5.4880E-03	2.3982E-02	2.8405E-01	5.8653E-01	1.8956E+00	2.6865E+00	3.1303E+00	3.6472E+00	3.7033E+00	4.0413E+00	4.2496E+00	4.9185E+00	5.6498E+00	6.5541E+00	7.5689E+00	8.7308E+00	1.0550E+01
1100	1.0591E-03	3.8195E-03	1.7667E-02	2.3227E-01	4.8763E-01	1.6155E+00	2.3085E+00	2.6920E+00	3.1427E+00	3.1918E+00	3.4882E+00	3.6615E+00	4.2434E+00	4.8993E+00	5.6910E+00	6.5792E+00	7.6061E+00	9.1849E+00
1105	8.0128E-04	2.9486E-03	1.3808E-02	1.8720E-01	4.0322E-01	1.3736E+00	1.9783E+00	2.3161E+00	2.7059E+00	2.7489E+00	3.0129E+00	3.1586E+00	3.6624E+00	4.2452E+00	4.9346E+00	5.7198E+00	6.6343E+00	8.0294E+00
1110	6.2407E-04	2.2584E-03	1.0809E-02	1.5013E-01	3.2905E-01	1.1605E+00	1.6862E+00	1.9875E+00	2.3290E+00	2.3651E+00	2.5959E+00	2.7182E+00	3.1645E+00	3.6793E+00	4.2758E+00	4.9685E+00	5.7726E+00	7.0073E+00
1115	4.4490E-04	1.6755E-03	8.2165E-03	1.2025E-01	2.6603E-01	9.7468E-01	1.4286E+00	1.6902E+00	1.9876E+00	2.0208E+00	2.2259E+00	2.3236E+00	2.7207E+00	3.1787E+00	3.6957E+00	4.3010E+00	5.0193E+00	6.1042E+00
1120	3.1433E-04	1.1860E-03	5.9905E-03	9.4425E-02	2.1398E-01	8.0619E-01	1.1977E+00	1.4260E+00	1.6845E+00	1.7157E+00	1.8892E+00	1.9680E+00	2.3210E+00	2.7248E+00	3.1752E+00	3.7058E+00	4.3539E+00	5.3142E+00
1125	2.0483E-04	7.9274E-04	4.1618E-03	7.2125E-02	1.6889E-01	6.6091E-01	9.9869E-01	1.1996E+00	1.4242E+00	1.4509E+00	1.6057E+00	1.6631E+00	1.9785E+00	2.3346E+00	2.7256E+00	3.1945E+00	3.7711E+00	4.6227E+00
1130	9.9799E-05	4.4553E-04	2.6595E-03	5.3290E-02	1.2993E-01	5.4294E-01	8.3027E-01	1.0044E+00	1.2034E+00	1.2275E+00	1.3634E+00	1.4074E+00	1.6911E+00	2.0066E+00	2.3502E+00	2.7691E+00	3.2655E+00	4.0242E+00
1135	1.3905E-05	1.2136E-04	1.2049E-03	3.7234E-02	9.5919E-02	4.3448E-01	6.7633E-01	8.2312E-01	9.9294E-01	1.0131E+00	1.1337E+00	1.1643E+00	1.4169E+00	1.6931E+00	1.9908E+00	2.3588E+00	2.7902E+00	3.4597E+00
1140	1.2241E-06	1.5806E-05	2.4671E-04	2.3793E-02	6.8125E-02	3.4495E-01	5.5149E-01	6.7992E-01	8.2693E-01	8.4140E-01	9.4555E-01	9.6716E-01	1.1930E+00	1.4376E+00	1.6998E+00	2.0259E+00	2.3998E+00	2.9945E+00
1145	4.1142E-07	3.7184E-06	5.2703E-05	1.1276E-02	4.3922E-02	2.6293E-01	4.3484E-01	5.4432E-01	6.6842E-01	6.8460E-01	7.7235E-01	7.8637E-01	9.8313E-01	1.1933E+00	1.4182E+00	1.7032E+00	2.0290E+00	2.5586E+00
1150	1.8609E-07	1.5444E-06	2.1478E-05	3.3626E-03	2.1907E-02	1.9376E-01	3.3469E-01	4.2677E-01	5.3266E-01	5.4553E-01	6.2118E-01	6.3130E-01	8.0262E-01	9.8563E-01	1.1767E+00	1.4237E+00	1.7013E+00	2.1663E+00
1155	8.3755E-08	7.4181E-07	1.1654E-05	1.3493E-03	7.9237E-03	1.3610E-01	2.5115E-01	3.2721E-01	4.1633E-01	4.2628E-01	4.9141E-01	4.9826E-01	6.4598E-01	8.0320E-01	9.6764E-01	1.1816E+00	1.4189E+00	1.8224E+00
1160	3.5816E-08	3.6090E-07	6.6281E-06	7.9213E-04	3.5711E-03	8.5711E-02	1.7963E-01	2.4141E-01	3.1457E-01	3.2366E-01	3.7778E-01	3.8371E-01	5.0799E-01	6.4201E-01	7.8331E-01	9.6815E-01	1.1679E+00	1.5229E+00
1165	1.6693E-08	1.8361E-07	3.8762E-06	5.2084E-04	2.2038E-03	4.3306E-02	1.1705E-01	1.6788E-01	2.2749E-01	2.3552E-01	2.7973E-01	2.8551E-01	3.8750E-01	4.9936E-01	6.1927E-01	7.7749E-01	9.4663E-01	1.2532E+00
1170	9.9759E-09	1.1278E-07	2.4716E-06	3.5684E-04	1.5043E-03	2.0808E-02	6.3905E-02	1.0338E-01	1.5271E-01	1.5867E-01	1.9516E-01	2.0257E-01	2.8467E-01	3.7669E-01	4.7685E-01	6.0990E-01	7.5340E-01	1.0162E+00
1175	6.4856E-09	7.5894E-08	1.7235E-06	2.4857E-04	1.0626E-03	1.2385E-02	3.2081E-02	5.3867E-02	8.8369E-02	9.3065E-02	1.2157E-01	1.3087E-01	1.9628E-01	2.7190E-01	3.5482E-01	4.6568E-01	5.8451E-01	8.0657E-01
1180	4.2055E-09	5.0855E-08	1.2138E-06	1.7896E-04	7.6261E-04	8.5210E-03	1.9347E-02	2.9715E-02	4.6978E-02	4.9343E-02	6.6128E-02	7.3892E-02	1.2081E-01	1.8178E-01	2.5077E-01	3.4229E-01	4.4067E-01	6.2818E-01
1185	2.5691E-09	3.2846E-08	8.3167E-07	1.3176E-04	5.6009E-04	6.1342E-03	1.3387E-02	1.9599E-02	2.8793E-02	3.0024E-02	3.8401E-02	4.2477E-02	6.8178E-02	1.0858E-01	1.6238E-01	2.3723E-01	3.1843E-01	4.7481E-01
1190	1.5554E-09	2.0549E-08	5.5092E-07	9.6621E-05	4.1771E-04	4.5433E-03	9.8097E-03	1.4110E-02	2.0068E-02	2.0924E-02	2.5937E-02	2.8211E-02	4.2239E-02	6.3876E-02	9.6205E-02	1.4973E-01	2.1411E-01	3.4261E-01
1195	8.4965E-10	1.2146E-08	3.4881E-07	6.9114E-05	3.1045E-04	3.3753E-03	7.3160E-03	1.0481E-02	1.4796E-02	1.5360E-02	1.8884E-02	2.0376E-02	2.9389E-02	4.2179E-02	5.9888E-02	9.0597E-02	1.3155E-01	2.3041E-01
1200	3.6658E-10	6.0001E-09	2.0213E-07	4.8076E-05	2.2516E-04	2.5450E-03	5.7480E-03	8.2768E-03	1.1083E-02	1.1554E-02	1.4174E-02	1.5243E-02	2.1664E-02	3.0355E-02	4.1513E-02	5.9672E-02	8.2011E-02	1.4429E-01
1205	7.4508E-11	1.9094E-09	9.1953E-08	3.2094E-05	1.5927E-04	2.0162E-03	4.3803E-03	6.3214E-03	8.8110E-03	9.1713E-03	1.0690E-02	1.1534E-02	1.6357E-02	2.2711E-02	3.0589E-02	4.2851E-02	5.8406E-02	9.3135E-02
1210	1.3336E-11	3.6561E-10	2.6609E-08	1.9841E-05	1.0803E-04	1.5172E-03	3.3508E-03	4.8421E-03	6.7562E-03	7.0410E-03	8.5460E-03	8.7878E-03	1.3011E-02	1.7257E-02	2.3145E-02	3.2160E-02	4.3911E-02	6.8029E-02
1215	5.0822E-12	1.0393E-10	7.0707E-09	1.0478E-05	6.9314E-05	1.1181E-03	2.5428E-03	3.7214E-03	5.2236E-03	5.4207E-03	6.6334E-03	6.7407E-03	1.0033E-02	1.3874E-02	1.8522E-02	2.5718E-02	3.3660E-02	5.1683E-02
1220	2.3785E-12	4.7283E-11	3.1187E-09	4.2843E-06	3.9274E-05	8.0415E-04	1.8929E-03	2.8139E-03	3.9825E-03	4.1509E-03	5.0918E-03	5.4174E-03	7.7639E-03	1.0792E-02	1.4362E-02	1.9995E-02	2.6103E-02	4.0084E-02
1225	1.2311E-12	2.2648E-11	1.6606E-09	1.8373E-06	1.8342E-05	5.5991E-04	1.3833E-03	2.0961E-03	3.0123E-03	3.1410E-03	3.8910E-03	4.1495E-03	5.9745E-03	8.3453E-03	1.1154E-02	1.5545E-02	2.0533E-02	3.1283E-02
1230	6.0260E-13	1.2077E-11	9.7650E-10	1.0633E-06	8.5992E-06	3.6978E-04	9.8216E-04	1.5263E-03	2.2273E-03	2.3346E-03	2.9137E-03	3.1143E-03	4.5619E-03	6.4526E-03	8.6825E-03	1.2142E-02	1.6145E-02	2.4481E-02
1235	2.8901E-13	6.3542E-12	5.9688E-10	6.7942E-07	5.1214E-06	2.2251E-04	6.7005E-04	1.0715E-03	1.6179E-03	1.6982E-03	2.1425E-03	2.2916E-03	3.4184E-03	4.9300E-03	6.6957E-03	9.4614E-03	1.2663E-02	1.9371E-02
1240	1.6428E-13	3.6642E-12	3.6637E-10	4.7447E-07	3.5204E-06	1.2292E-04	4.2331E-04	7.2585E-04	1.1313E-03	1.1870E-03	1.5317E-03	1.6465E-03	2.5145E-03	3.6854E-03	5.0905E-03	7.3072E-03	1.0005E-02	1.5210E-02
1245	9.3110E-14	2.2595E-12	2.4253E-10	3.3014E-07	2.4958E-06	6.9961E-05	2.4739E-04	4.5098E-04	7.4538E-04	7.8997E-04	1.0435E-03	1.1334E-03	1.8016E-03	2.7044E-03	3.8083E-03	5.5503E-03	7.7524E-03	1.1889E-02
1250	5.5738E-14	1.4614E-12	1.6219E-10	2.3637E-07	1.8099E-06	4.6452E-05	1.4416E-04	2.6655E-04	4.6096E-04	4.9303E-04	6.6883E-04	7.4263E-04	1.2434E-03	1.9292E-03	2.7857E-03	4.1701E-03	5.8733E-03	9.2640E-03
1255	3.3644E-14	9.2560E-13	1.1390E-10	1.7505E-07	1.3518E-06	3.1670E-05	9.6282E-05	1.6672E-04	2.8223E-04	2.9583E-04	4.1232E-04	4.6233E-04	8.1040E-04	1.3156E-03	1.9827E-03	3.0455E-03	4.4592E-03	7.1451E-03
1260	1.9866E-14	5.8889E-13	7.8577E-11	1.2898E-07	9.8423E-07	2.4893E-05	6.9764E-05	1.1385E-04	1.8251E-04	1.9558E-04	2.6340E-04	2.9055E-04	5.0738E-04	8.6372E-04	1.3456E-03	2.1610E-03	3.2479E-03	5.3266E-03
1265	1.0825E-14	3.5602E-13	5.0052E-11	9.5170E-08	7.6393E-07	1.8985E-05	5.2869E-05	8.7056E-05	1.3105E-04	1.3902E-04	1.8387E-04	1.9856E-04	3.3460E-04	5.5636E-04	8.8356E-04	1.4569E-03	2.2966E-03	3.9008E-03
1270	6.1984E-15	2.1787E-13	3.2208E-11	6.9738E-08	5.6641E-07	1.4628E-05	3.9431E-05	6.5579E-05	1.0175E-04	1.0737E-04	1.3458E-04	1.4421E-04	2.3776E-04	3.7518E-04	5.8252E-04	9.6654E-04	1.5406E-03	2.7379E-03
1275	3.1847E-15	1.1995E-13	2.0402E-11	4.9493E-08	4.0726E-07	1.0970E-05	3.0474E-05	5.1108E-05	7.9734E-05	8.1781E-05	1.0487E-04	1.0830E-04	1.7741E-04	2.7457E-04	4.1060E-04	6.5396E-04	1.0411E-03	1.8467E-03
1280	1.5155E-15	5.6903E-14	1.1424E-11	3.5636E-08	3.1612E-07	8.3777E-06	2.3477E-05	3.9254E-05	6.0887E-05	6.2009E-05	8.1777E-05	8.6493E-05	1.3883E-04	2.1495E-04	3.0365E-04	4.8446E-04	7.4240E-04	1.2808E-03
1285	6.6497E-16	2.1684E-14	5.4943E-12	2.3965E-08	2.3626E-07	6.4618E-06	1.8196E-05	2.9699E-05	4.4794E-05	4.8028E-05	6.3080E-05	6.7696E-05	1.0822E-04	1.6507E-04	2.4034E-04	3.7787E-04	5.4976E-04	9.5656E-04
1290	3.1310E-16	9.1744E-15	2.6958E-12	1.6430E-08	1.6734E-07	4.7127E-06	1.3969E-05	2.3203E-05	3.5441E-05	3.7257E-05	4.8676E-05	5.2610E-05	8.2827E-05	1.2818E-04	1.8848E-04	2.9376E-04	4.3471E-04	7.0566E-04
1295	1.8241E-16	4.5497E-15	1.3120E-12	1.0183E-08	1.1366E-07	3.5754E-06	1.0859E-05	1.8076E-05	2.8353E-05	2.9885E-05	3.8039E-05	4.0588E-05	6.6447E-05	1.0107E-04	1.4860E-04	2.2127E-04	3.3101E-04	5.3573E-04
1300	1.0223E-16	2.5115E-15	8.4478E-13	6.4028E-09	7.3264E-08	2.7184E-06	8.3518E-06	1.4031E-05	2.1776E-05	2.2820E-05	2.9496E-05	3.2059E-05	5.3488E-05	7.8802E-05	1.1764E-04	1.7742E-04	2.6427E-04	4.3326E-04
